$ 1 0.000005 23.47059216675035 74 5 43
a 816 128 1120 128 0 3.3 0 1000000
r 1120 128 1264 128 0 1000000
g 1264 128 1360 128 0
R 816 112 624 112 0 0 40 1 0 0 0.5
w 816 144 816 256 0
r 816 256 1120 256 0 100
w 1120 256 1120 128 0
w 560 400 816 144 0
172 416 400 416 336 0 6 3.264 3.3 1.5 0 0.5 Solar Panel
c 416 400 496 400 0 0.00009999999999999999 3.2640090909914643
r 496 400 496 464 0 10
g 496 464 496 480 0
w 496 400 560 400 0
o 8 64 0 291 5 0.00009765625 0 -1
o 7 64 0 291 0.000152587890625 0.00009765625 1 -1
o 1 64 0 291 0.001220703125 0.00009765625 2 -1

