white hat/shirt
11 26 good 1, 3397, 0, 3397
11 27 good 273, 2784, 1, 2783
11 28 good 1, 7360, 0, 7360
11 29 good 4363, 6843, 0, 6843
11 30 good 481, 3538, 1, 3164

white hat only
11 31 good 245, 3498, 0, 3053
11 32 good 1, 6607, 0, 6194
11 33 good 4884, 7641, 0, 7156
11 34 good 2, 7629, 0, 6777
11 35 good 2724, 5983, 0, 5374

white shirt only
11 36 good 2075, 5776, 0, 5167
11 37 good 1394, 4793, 0, 4251
11 38 good 4162, 7294, 0, 6808
11 39 good 3546, 6978, 0, 6229
11 40 good 2, 5379, 0, 4254

normal clothes
11 42 good 2361, 6026, 0, 5276
11 43 good 2828, 6497, 0, 5746
11 44 good 3414, 7460, 0, 6470
11 45 good 2807, 7018, 0, 6267
11 46 good 1266, 6099, 0, 4393